NACA 2412                                       
 Alfa =   6.00000 Re =        0.000 Xflap,Yflap =     0.000000    0.000000
#    x        y        Cp  
   1.00000  0.00126  0.42542
   0.99381  0.00254  0.24453
   0.98304  0.00473  0.16827
   0.97049  0.00724  0.10745
   0.95646  0.01001  0.05782
   0.94138  0.01291  0.01436
   0.92569  0.01588 -0.02418
   0.90967  0.01884 -0.05940
   0.89346  0.02176 -0.09113
   0.87717  0.02463 -0.12124
   0.86082  0.02745 -0.14911
   0.84444  0.03020 -0.17543
   0.82804  0.03289 -0.20106
   0.81162  0.03552 -0.22574
   0.79519  0.03809 -0.24907
   0.77875  0.04059 -0.27252
   0.76230  0.04302 -0.29505
   0.74585  0.04539 -0.31732
   0.72938  0.04769 -0.33943
   0.71292  0.04993 -0.36117
   0.69645  0.05210 -0.38304
   0.67998  0.05420 -0.40419
   0.66350  0.05624 -0.42635
   0.64703  0.05820 -0.44757
   0.63056  0.06009 -0.46956
   0.61410  0.06191 -0.49137
   0.59764  0.06366 -0.51353
   0.58118  0.06533 -0.53580
   0.56474  0.06692 -0.55858
   0.54830  0.06843 -0.58134
   0.53188  0.06985 -0.60528
   0.51547  0.07120 -0.62877
   0.49907  0.07245 -0.65358
   0.48270  0.07362 -0.67840
   0.46635  0.07469 -0.70453
   0.45002  0.07567 -0.73134
   0.43373  0.07654 -0.75900
   0.41749  0.07732 -0.78866
   0.40134  0.07798 -0.82236
   0.38529  0.07852 -0.85725
   0.36934  0.07891 -0.88846
   0.35345  0.07914 -0.91884
   0.33762  0.07922 -0.94860
   0.32184  0.07915 -0.97857
   0.30612  0.07891 -1.00841
   0.29046  0.07850 -1.03814
   0.27487  0.07791 -1.06859
   0.25935  0.07715 -1.09885
   0.24392  0.07620 -1.13012
   0.22859  0.07506 -1.16158
   0.21338  0.07373 -1.19391
   0.19829  0.07219 -1.22700
   0.18335  0.07044 -1.26147
   0.16859  0.06848 -1.29748
   0.15405  0.06629 -1.33479
   0.13978  0.06389 -1.37458
   0.12584  0.06127 -1.41678
   0.11233  0.05844 -1.46198
   0.09937  0.05542 -1.51104
   0.08711  0.05226 -1.56363
   0.07571  0.04901 -1.62018
   0.06532  0.04573 -1.68099
   0.05602  0.04251 -1.74471
   0.04785  0.03938 -1.81163
   0.04073  0.03640 -1.88014
   0.03458  0.03357 -1.94957
   0.02925  0.03090 -2.02064
   0.02465  0.02837 -2.08978
   0.02064  0.02596 -2.15798
   0.01715  0.02365 -2.22394
   0.01410  0.02143 -2.28477
   0.01144  0.01929 -2.33979
   0.00910  0.01719 -2.37907
   0.00708  0.01514 -2.40522
   0.00532  0.01312 -2.40004
   0.00383  0.01112 -2.36468
   0.00259  0.00913 -2.27195
   0.00160  0.00716 -2.12302
   0.00085  0.00521 -1.89807
   0.00034  0.00329 -1.60381
   0.00006  0.00140 -1.25075
   0.00001 -0.00042 -0.87593
   0.00017 -0.00227 -0.48837
   0.00057 -0.00415 -0.09962
   0.00123 -0.00604  0.25528
   0.00216 -0.00791  0.54484
   0.00337 -0.00974  0.75533
   0.00484 -0.01154  0.89296
   0.00657 -0.01328  0.96810
   0.00858 -0.01499  0.99783
   0.01087 -0.01666  0.99530
   0.01347 -0.01829  0.97136
   0.01640 -0.01991  0.93333
   0.01971 -0.02152  0.88715
   0.02346 -0.02312  0.83552
   0.02772 -0.02473  0.78160
   0.03259 -0.02635  0.72622
   0.03819 -0.02799  0.67125
   0.04464 -0.02964  0.61672
   0.05210 -0.03130  0.56423
   0.06070 -0.03295  0.51409
   0.07053 -0.03455  0.46717
   0.08159 -0.03607  0.42441
   0.09381 -0.03747  0.38632
   0.10702 -0.03870  0.35300
   0.12102 -0.03975  0.32475
   0.13563 -0.04061  0.30044
   0.15070 -0.04129  0.28019
   0.16612 -0.04180  0.26306
   0.18181 -0.04215  0.24881
   0.19771 -0.04236  0.23668
   0.21379 -0.04244  0.22654
   0.23002 -0.04240  0.21772
   0.24636 -0.04227  0.21063
   0.26282 -0.04204  0.20418
   0.27936 -0.04174  0.19885
   0.29599 -0.04137  0.19398
   0.31270 -0.04093  0.18982
   0.32946 -0.04045  0.18585
   0.34629 -0.03992  0.18230
   0.36315 -0.03936  0.17881
   0.38005 -0.03876  0.17484
   0.39694 -0.03814  0.16984
   0.41378 -0.03750  0.16412
   0.43058 -0.03681  0.16081
   0.44740 -0.03606  0.15827
   0.46423 -0.03528  0.15651
   0.48108 -0.03446  0.15472
   0.49795 -0.03360  0.15373
   0.51485 -0.03271  0.15286
   0.53177 -0.03179  0.15209
   0.54871 -0.03085  0.15194
   0.56567 -0.02988  0.15138
   0.58264 -0.02889  0.15151
   0.59963 -0.02788  0.15133
   0.61664 -0.02685  0.15151
   0.63366 -0.02581  0.15159
   0.65068 -0.02475  0.15233
   0.66772 -0.02369  0.15241
   0.68477 -0.02261  0.15294
   0.70182 -0.02152  0.15362
   0.71888 -0.02043  0.15421
   0.73594 -0.01932  0.15534
   0.75301 -0.01821  0.15598
   0.77008 -0.01709  0.15749
   0.78715 -0.01597  0.15875
   0.80422 -0.01484  0.16007
   0.82128 -0.01370  0.16231
   0.83834 -0.01256  0.16478
   0.85538 -0.01141  0.16732
   0.87240 -0.01026  0.17129
   0.88939 -0.00910  0.17485
   0.90628 -0.00793  0.18127
   0.92300 -0.00677  0.18803
   0.93937 -0.00562  0.19734
   0.95508 -0.00451  0.21035
   0.96967 -0.00347  0.22772
   0.98263 -0.00253  0.25384
   0.99369 -0.00172  0.29608
   1.00000 -0.00126  0.42542
