NACA 2412                                       
 Alfa =   8.00000 Re =        0.000 Xflap,Yflap =     0.000000    0.000000
#    x        y        Cp  
   1.00000  0.00126  0.43165
   0.99381  0.00254  0.24898
   0.98304  0.00473  0.17045
   0.97049  0.00724  0.10742
   0.95646  0.01001  0.05542
   0.94138  0.01291  0.00965
   0.92569  0.01588 -0.03134
   0.90967  0.01884 -0.06893
   0.89346  0.02176 -0.10303
   0.87717  0.02463 -0.13551
   0.86082  0.02745 -0.16574
   0.84444  0.03020 -0.19445
   0.82804  0.03289 -0.22247
   0.81162  0.03552 -0.24962
   0.79519  0.03809 -0.27536
   0.77875  0.04059 -0.30132
   0.76230  0.04302 -0.32634
   0.74585  0.04539 -0.35120
   0.72938  0.04769 -0.37597
   0.71292  0.04993 -0.40039
   0.69645  0.05210 -0.42507
   0.67998  0.05420 -0.44895
   0.66350  0.05624 -0.47414
   0.64703  0.05820 -0.49824
   0.63056  0.06009 -0.52341
   0.61410  0.06191 -0.54838
   0.59764  0.06366 -0.57390
   0.58118  0.06533 -0.59956
   0.56474  0.06692 -0.62592
   0.54830  0.06843 -0.65236
   0.53188  0.06985 -0.68022
   0.51547  0.07120 -0.70769
   0.49907  0.07245 -0.73678
   0.48270  0.07362 -0.76598
   0.46635  0.07469 -0.79685
   0.45002  0.07567 -0.82852
   0.43373  0.07654 -0.86136
   0.41749  0.07732 -0.89664
   0.40134  0.07798 -0.93631
   0.38529  0.07852 -0.97773
   0.36934  0.07891 -1.01540
   0.35345  0.07914 -1.05263
   0.33762  0.07922 -1.08948
   0.32184  0.07915 -1.12707
   0.30612  0.07891 -1.16489
   0.29046  0.07850 -1.20308
   0.27487  0.07791 -1.24265
   0.25935  0.07715 -1.28258
   0.24392  0.07620 -1.32429
   0.22859  0.07506 -1.36698
   0.21338  0.07373 -1.41153
   0.19829  0.07219 -1.45787
   0.18335  0.07044 -1.50693
   0.16859  0.06848 -1.55898
   0.15405  0.06629 -1.61406
   0.13978  0.06389 -1.67373
   0.12584  0.06127 -1.73820
   0.11233  0.05844 -1.80855
   0.09937  0.05542 -1.88612
   0.08711  0.05226 -1.97091
   0.07571  0.04901 -2.06376
   0.06532  0.04573 -2.16511
   0.05602  0.04251 -2.27360
   0.04785  0.03938 -2.38944
   0.04073  0.03640 -2.51085
   0.03458  0.03357 -2.63715
   0.02925  0.03090 -2.76927
   0.02465  0.02837 -2.90361
   0.02064  0.02596 -3.04166
   0.01715  0.02365 -3.18241
   0.01410  0.02143 -3.32318
   0.01144  0.01929 -3.46350
   0.00910  0.01719 -3.59240
   0.00708  0.01514 -3.71235
   0.00532  0.01312 -3.80131
   0.00383  0.01112 -3.85823
   0.00259  0.00913 -3.84625
   0.00160  0.00716 -3.76025
   0.00085  0.00521 -3.56632
   0.00034  0.00329 -3.26246
   0.00006  0.00140 -2.85242
   0.00001 -0.00042 -2.38128
   0.00017 -0.00227 -1.86086
   0.00057 -0.00415 -1.29717
   0.00123 -0.00604 -0.73801
   0.00216 -0.00791 -0.23683
   0.00337 -0.00974  0.17198
   0.00484 -0.01154  0.48427
   0.00657 -0.01328  0.70332
   0.00858 -0.01499  0.84920
   0.01087 -0.01666  0.93750
   0.01347 -0.01829  0.98373
   0.01640 -0.01991  0.99967
   0.01971 -0.02152  0.99385
   0.02346 -0.02312  0.97253
   0.02772 -0.02473  0.94044
   0.03259 -0.02635  0.90045
   0.03819 -0.02799  0.85537
   0.04464 -0.02964  0.80650
   0.05210 -0.03130  0.75595
   0.06070 -0.03295  0.70487
   0.07053 -0.03455  0.65471
   0.08159 -0.03607  0.60700
   0.09381 -0.03747  0.56283
   0.10702 -0.03870  0.52284
   0.12102 -0.03975  0.48767
   0.13563 -0.04061  0.45653
   0.15070 -0.04129  0.42965
   0.16612 -0.04180  0.40620
   0.18181 -0.04215  0.38596
   0.19771 -0.04236  0.36820
   0.21379 -0.04244  0.35278
   0.23002 -0.04240  0.33897
   0.24636 -0.04227  0.32722
   0.26282 -0.04204  0.31637
   0.27936 -0.04174  0.30694
   0.29599 -0.04137  0.29816
   0.31270 -0.04093  0.29038
   0.32946 -0.04045  0.28295
   0.34629 -0.03992  0.27618
   0.36315 -0.03936  0.26964
   0.38005 -0.03876  0.26282
   0.39694 -0.03814  0.25528
   0.41378 -0.03750  0.24722
   0.43058 -0.03681  0.24145
   0.44740 -0.03606  0.23648
   0.46423 -0.03528  0.23237
   0.48108 -0.03446  0.22824
   0.49795 -0.03360  0.22503
   0.51485 -0.03271  0.22196
   0.53177 -0.03179  0.21905
   0.54871 -0.03085  0.21684
   0.56567 -0.02988  0.21423
   0.58264 -0.02889  0.21240
   0.59963 -0.02788  0.21026
   0.61664 -0.02685  0.20858
   0.63366 -0.02581  0.20677
   0.65068 -0.02475  0.20573
   0.66772 -0.02369  0.20399
   0.68477 -0.02261  0.20276
   0.70182 -0.02152  0.20169
   0.71888 -0.02043  0.20058
   0.73594 -0.01932  0.19998
   0.75301 -0.01821  0.19889
   0.77008 -0.01709  0.19875
   0.78715 -0.01597  0.19826
   0.80422 -0.01484  0.19785
   0.82128 -0.01370  0.19842
   0.83834 -0.01256  0.19909
   0.85538 -0.01141  0.19980
   0.87240 -0.01026  0.20200
   0.88939 -0.00910  0.20354
   0.90628 -0.00793  0.20807
   0.92300 -0.00677  0.21267
   0.93937 -0.00562  0.21978
   0.95508 -0.00451  0.23043
   0.96967 -0.00347  0.24526
   0.98263 -0.00253  0.26854
   0.99369 -0.00172  0.30797
   1.00000 -0.00126  0.43165
