NACA 2412                                       
 Alfa =   2.00000 Re =        0.000 Xflap,Yflap =     0.000000    0.000000
#    x        y        Cp  
   1.00000  0.00126  0.41709
   0.99381  0.00254  0.24116
   0.98304  0.00473  0.16997
   0.97049  0.00724  0.11402
   0.95646  0.01001  0.06949
   0.94138  0.01291  0.03090
   0.92569  0.01588 -0.00253
   0.90967  0.01884 -0.03282
   0.89346  0.02176 -0.05966
   0.87717  0.02463 -0.08491
   0.86082  0.02745 -0.10795
   0.84444  0.03020 -0.12945
   0.82804  0.03289 -0.15023
   0.81162  0.03552 -0.16993
   0.79519  0.03809 -0.18844
   0.77875  0.04059 -0.20686
   0.76230  0.04302 -0.22441
   0.74585  0.04539 -0.24152
   0.72938  0.04769 -0.25837
   0.71292  0.04993 -0.27480
   0.69645  0.05210 -0.29114
   0.67998  0.05420 -0.30692
   0.66350  0.05624 -0.32313
   0.64703  0.05820 -0.33871
   0.63056  0.06009 -0.35451
   0.61410  0.06191 -0.37015
   0.59764  0.06366 -0.38581
   0.58118  0.06533 -0.40151
   0.56474  0.06692 -0.41736
   0.54830  0.06843 -0.43304
   0.53188  0.06985 -0.44945
   0.51547  0.07120 -0.46532
   0.49907  0.07245 -0.48193
   0.48270  0.07362 -0.49841
   0.46635  0.07469 -0.51555
   0.45002  0.07567 -0.53312
   0.43373  0.07654 -0.55099
   0.41749  0.07732 -0.57005
   0.40134  0.07798 -0.59248
   0.38529  0.07852 -0.61509
   0.36934  0.07891 -0.63425
   0.35345  0.07914 -0.65188
   0.33762  0.07922 -0.66854
   0.32184  0.07915 -0.68450
   0.30612  0.07891 -0.69971
   0.29046  0.07850 -0.71401
   0.27487  0.07791 -0.72790
   0.25935  0.07715 -0.74072
   0.24392  0.07620 -0.75325
   0.22859  0.07506 -0.76465
   0.21338  0.07373 -0.77532
   0.19829  0.07219 -0.78506
   0.18335  0.07044 -0.79401
   0.16859  0.06848 -0.80212
   0.15405  0.06629 -0.80881
   0.13978  0.06389 -0.81463
   0.12584  0.06127 -0.81911
   0.11233  0.05844 -0.82212
   0.09937  0.05542 -0.82387
   0.08711  0.05226 -0.82368
   0.07571  0.04901 -0.82148
   0.06532  0.04573 -0.81754
   0.05602  0.04251 -0.81081
   0.04785  0.03938 -0.80193
   0.04073  0.03640 -0.78985
   0.03458  0.03357 -0.77419
   0.02925  0.03090 -0.75555
   0.02465  0.02837 -0.73098
   0.02064  0.02596 -0.70100
   0.01715  0.02365 -0.66450
   0.01410  0.02143 -0.61909
   0.01144  0.01929 -0.56451
   0.00910  0.01719 -0.49415
   0.00708  0.01514 -0.41144
   0.00532  0.01312 -0.30661
   0.00383  0.01112 -0.18458
   0.00259  0.00913 -0.03549
   0.00160  0.00716  0.13124
   0.00085  0.00521  0.31503
   0.00034  0.00329  0.50099
   0.00006  0.00140  0.67474
   0.00001 -0.00042  0.81779
   0.00017 -0.00227  0.92532
   0.00057 -0.00415  0.98760
   0.00123 -0.00604  0.99746
   0.00216 -0.00791  0.95910
   0.00337 -0.00974  0.88623
   0.00484 -0.01154  0.79253
   0.00657 -0.01328  0.69336
   0.00858 -0.01499  0.59473
   0.01087 -0.01666  0.50293
   0.01347 -0.01829  0.41961
   0.01640 -0.01991  0.34421
   0.01971 -0.02152  0.27848
   0.02346 -0.02312  0.21952
   0.02772 -0.02473  0.16836
   0.03259 -0.02635  0.12292
   0.03819 -0.02799  0.08382
   0.04464 -0.02964  0.04931
   0.05210 -0.03130  0.02037
   0.06070 -0.03295 -0.00395
   0.07053 -0.03455 -0.02371
   0.08159 -0.03607 -0.03898
   0.09381 -0.03747 -0.05009
   0.10702 -0.03870 -0.05777
   0.12102 -0.03975 -0.06197
   0.13563 -0.04061 -0.06421
   0.15070 -0.04129 -0.06418
   0.16612 -0.04180 -0.06285
   0.18181 -0.04215 -0.06019
   0.19771 -0.04236 -0.05686
   0.21379 -0.04244 -0.05284
   0.23002 -0.04240 -0.04860
   0.24636 -0.04227 -0.04367
   0.26282 -0.04204 -0.03896
   0.27936 -0.04174 -0.03399
   0.29599 -0.04137 -0.02919
   0.31270 -0.04093 -0.02448
   0.32946 -0.04045 -0.02003
   0.34629 -0.03992 -0.01581
   0.36315 -0.03936 -0.01201
   0.38005 -0.03876 -0.00921
   0.39694 -0.03814 -0.00813
   0.41378 -0.03750 -0.00831
   0.43058 -0.03681 -0.00586
   0.44740 -0.03606 -0.00276
   0.46423 -0.03528  0.00088
   0.48108 -0.03446  0.00447
   0.49795 -0.03360  0.00851
   0.51485 -0.03271  0.01262
   0.53177 -0.03179  0.01667
   0.54871 -0.03085  0.02115
   0.56567 -0.02988  0.02517
   0.58264 -0.02889  0.02965
   0.59963 -0.02788  0.03380
   0.61664 -0.02685  0.03808
   0.63366 -0.02581  0.04233
   0.65068 -0.02475  0.04697
   0.66772 -0.02369  0.05105
   0.68477 -0.02261  0.05537
   0.70182 -0.02152  0.05984
   0.71888 -0.02043  0.06411
   0.73594 -0.01932  0.06897
   0.75301 -0.01821  0.07332
   0.77008 -0.01709  0.07835
   0.78715 -0.01597  0.08337
   0.80422 -0.01484  0.08835
   0.82128 -0.01370  0.09415
   0.83834 -0.01256  0.10038
   0.85538 -0.01141  0.10677
   0.87240 -0.01026  0.11445
   0.88939 -0.00910  0.12223
   0.90628 -0.00793  0.13253
   0.92300 -0.00677  0.14376
   0.93937 -0.00562  0.15756
   0.95508 -0.00451  0.17534
   0.96967 -0.00347  0.19782
   0.98263 -0.00253  0.22958
   0.99369 -0.00172  0.27724
   1.00000 -0.00126  0.41709
